32.72,33.06
36.97,37.65
36.0,36.51
35.39,39.96
32.73,32.05
36.97,36.9
33.88,36.25
37.8,32.65
39.44,31.81
30.28,35.46
31.88,33.04
36.21,37.46
34.79,37.8
39.79,32.48
30.06,36.72
37.14,36.85
36.43,39.75
39.84,38.01
31.0,33.69
36.72,33.67
34.34,30.48
31.6,39.47
30.19,37.98
38.16,34.91
36.75,32.65
31.05,37.74
30.83,37.33
38.6,38.02
33.64,37.49
34.11,33.55
37.22,36.85
35.29,39.14
33.25,38.22
33.6,36.76
32.28,36.28
33.34,33.11
38.08,33.42
34.33,31.26
37.61,38.8
35.65,37.22
34.03,34.38
31.03,31.83
38.67,30.94
31.04,38.98
36.05,32.51
33.95,35.8
33.45,39.96
34.72,35.33
31.92,36.86
33.48,33.91
34.7,31.16
30.45,33.27
33.65,30.38
32.51,35.87
38.64,36.84
33.97,37.4
39.34,38.91
37.24,34.96
36.91,32.15
33.29,34.13
38.32,35.09
35.63,37.36
36.63,35.82
34.27,30.11
34.6,36.11
37.1,30.39
32.57,38.77
35.76,33.29
39.14,33.08
30.57,37.0
30.38,36.35
36.19,32.23
30.58,38.53
34.13,39.99
30.56,33.26
35.59,35.48
31.46,33.54
36.64,37.74
35.72,34.56
30.9,35.48
36.39,38.2
39.22,38.49
36.96,35.58
35.69,35.07
39.52,38.44
38.62,36.94
35.49,38.83
34.97,36.26
34.16,34.46
34.68,37.52
34.37,37.35
34.0,33.72
32.9,38.03
32.5,32.71
31.53,36.37
38.3,34.01
38.35,34.92
31.4,34.83
39.45,32.42
39.58,35.6
32.68,30.83
31.08,34.18
39.62,32.6
39.19,39.54
32.11,34.98
37.48,34.65
31.37,35.56
33.25,30.35
31.82,36.4
30.4,36.05
39.79,36.86
32.3,35.72
36.75,35.53
38.59,38.25
36.65,34.62
31.71,39.77
34.34,32.73
31.48,37.2
38.96,34.77
36.15,36.35
36.71,31.31
37.42,33.92
32.05,35.54
38.21,39.91
39.1,35.74
38.25,32.74
32.33,36.02
36.08,32.18
39.28,39.03
35.03,34.22
37.85,36.07
35.1,36.97
39.6,32.47
34.31,30.72
31.87,38.95
34.42,38.6
30.33,32.84
37.04,31.75
35.13,39.34
31.51,39.96
32.3,34.45
34.79,39.43
39.43,36.32
36.17,30.19
36.37,30.53
31.23,31.72
35.62,39.37
33.84,32.38
34.03,37.58
37.62,34.59
32.78,37.3
32.35,30.65
35.54,36.89
30.3,32.95
36.94,31.15
31.15,39.22
38.81,33.86
38.76,30.89
39.86,33.48
33.26,36.46
34.33,36.74
37.34,33.53
36.07,39.52
39.38,37.51
32.23,32.25
35.89,35.31
33.57,30.39
37.37,30.03
32.28,30.61
38.4,38.56
31.31,35.35
35.95,30.15
36.21,37.63
34.27,30.1
30.45,32.33
31.93,32.47
35.75,39.0
34.51,32.62
35.99,32.86
36.51,36.04
37.62,33.56
37.2,37.03
32.53,33.01
32.63,36.72
38.09,38.81
34.16,37.44
35.58,30.87
30.56,33.63
33.36,39.67
38.41,36.53
37.94,38.79
39.35,36.2
38.61,31.52
30.02,34.44
39.87,37.62
34.2,39.6
35.68,39.21
36.04,34.27
30.39,31.3
37.35,31.72
34.31,30.42
33.26,31.74
38.69,38.34
30.59,36.54
32.86,34.5
35.08,39.5
37.19,34.91
39.19,31.82
30.3,32.24
38.65,38.78
36.61,39.66
38.62,37.54
37.51,38.35
33.76,31.73
38.06,31.03
39.49,30.4
36.51,36.45
33.67,39.32
39.38,35.54
34.4,30.26
35.59,35.92
35.94,39.62
37.05,35.0
39.27,33.75
38.46,32.37
34.29,36.59
38.28,33.29
33.83,36.66
39.71,32.27
36.39,31.04
32.92,39.73
35.39,36.87
32.66,31.38
37.58,32.4
39.97,30.29
34.9,33.86
34.24,39.11
30.93,30.69
32.54,39.48
32.83,33.34
37.61,30.65
35.87,35.94
37.91,32.12
31.54,30.04
39.98,31.73
30.27,32.25
37.27,35.22
32.53,38.84
36.37,38.16
34.81,35.36
33.74,34.96
33.6,37.12
35.74,32.04
35.28,31.98
34.56,39.69
33.93,31.96
34.19,34.84
36.34,36.61
31.03,30.33
30.84,32.43
38.83,36.13
31.15,33.38
33.13,36.09
37.81,31.09
39.18,38.42
32.36,30.16
36.31,30.17
32.08,36.67
38.93,36.19
39.57,31.92
34.34,30.89
32.08,32.09
33.59,30.02
35.06,34.49
36.39,32.38
35.18,39.77
35.96,36.5
32.12,30.85
30.21,31.18
39.33,36.93
34.1,33.48
33.32,33.69
37.12,31.92
36.03,36.26
33.89,32.86
38.99,35.63
34.14,33.41
32.91,32.39
30.11,30.91
32.28,36.73
33.93,39.11
34.38,35.68
34.4,36.78
34.28,37.84
31.54,39.61
37.17,31.79
37.9,35.37
37.08,34.55
32.1,36.53
37.04,30.28
37.8,39.82
36.1,37.38
35.5,36.98
41.04,41.08
39.42,36.21
35.85,39.12
41.19,38.11
37.77,36.54
40.38,36.94
39.89,39.72
37.69,36.12
41.96,41.46
36.01,36.98
41.23,41.38
41.77,39.09
41.97,35.51
41.31,37.2
41.4,35.82
38.55,39.67
41.45,36.0
39.83,35.65
38.53,41.59
37.62,35.95
37.68,36.05
35.67,40.97
41.08,41.96
35.08,37.5
36.25,35.79
36.81,40.37
35.12,38.54
41.16,36.12
35.74,39.46
37.49,40.0
37.93,41.3
35.36,41.74
39.25,35.32
37.6,37.01
37.22,41.62
39.05,36.82
36.38,40.49
35.68,36.68
41.02,35.38
37.72,41.99
35.1,39.54
39.4,37.32
36.94,37.76
40.87,36.34
37.0,35.25
38.44,35.32
36.99,38.79
39.42,39.79
40.98,39.06
40.49,40.98
36.76,39.34
40.78,40.35
41.17,41.68
36.5,37.92
35.3,41.47
41.36,39.01
35.2,41.34
41.74,40.2
40.67,36.55
40.88,36.65
39.14,36.21
36.19,35.92
38.17,35.71
35.89,35.31
36.02,40.17
39.54,41.25
40.76,37.5
39.55,37.92
39.05,41.3
39.8,38.37
37.93,37.4
36.13,35.77
38.38,40.86
39.73,40.08
40.2,38.73
39.58,39.56
41.1,35.86
35.71,39.44
39.1,36.18
38.08,41.25
39.73,37.37
35.29,39.13
36.56,40.86
41.15,40.13
41.06,40.1
38.36,39.31
38.65,41.33
35.69,37.97
36.97,36.19
37.78,40.83
35.58,40.93
36.35,37.49
38.93,40.78
39.45,39.89
38.56,36.06
39.38,36.53
35.46,37.98
39.82,37.74
38.44,39.5
35.99,41.65
35.09,39.82
40.73,39.04
40.47,36.51
35.07,39.71
37.91,35.38
36.06,39.92
36.78,36.91
35.29,36.74
36.54,39.36
36.19,40.13
40.78,40.28
41.51,39.12
37.42,37.84
36.67,40.12
35.77,40.2
38.03,38.17
40.35,41.23
37.57,39.64
36.55,38.04
41.03,39.77
38.79,41.83
41.55,39.75
40.12,39.04
35.52,37.56
36.44,37.53
38.68,36.04
38.17,37.37
41.19,41.85
37.86,41.44
41.18,39.93
37.82,41.76
38.17,35.36
37.09,35.09
35.87,35.91
40.36,35.05
36.68,36.56
41.55,38.7
41.67,37.74
36.16,41.54
38.15,39.6
36.45,37.45
38.33,41.02
38.51,36.47
41.65,39.92
38.27,37.09
38.27,39.19
39.32,38.23
36.31,40.37
38.16,39.09
40.97,40.01
40.68,36.85
38.84,38.25
38.24,41.67
35.68,37.2
36.91,36.16
41.43,37.14
41.61,36.61
35.91,39.65
41.78,35.08
35.63,41.92
41.23,41.2
40.63,38.09
36.52,36.44
39.87,41.82
38.77,39.51
36.15,40.02
38.59,39.21
40.62,38.72
35.4,39.72
35.15,41.39
36.69,37.2
41.58,38.49
40.55,40.96
36.29,37.73
37.79,38.24
41.49,36.82
36.25,37.09
36.94,36.41
41.59,41.59
40.7,37.01
39.25,37.22
40.14,36.17
38.35,37.32
36.87,38.99
41.62,38.72
41.6,36.19
35.74,40.03
40.44,36.26
38.03,40.46
40.79,41.07
39.4,41.79
40.15,36.3
37.37,39.56
41.1,38.73
35.18,35.48
41.87,38.39
39.41,39.21
39.75,39.83
37.28,39.18
36.8,39.14
39.89,38.95
38.91,38.35
36.5,39.42
39.78,39.32
36.18,40.72
36.42,41.63
38.63,39.38
37.6,39.31
36.27,37.3
41.42,38.84
39.08,41.29
36.17,35.37
36.8,40.99
39.51,36.62
41.58,41.39
35.06,37.97
36.21,41.77
39.57,37.95
39.84,37.14
36.01,37.39
40.9,37.88
41.92,40.51
35.3,35.29
40.38,36.14
39.06,35.94
39.76,35.43
35.56,36.93
35.07,38.9
38.5,40.67
35.13,35.8
36.24,39.29
36.26,37.13
35.53,37.23
37.29,38.82
36.35,41.92
36.84,39.35
40.68,37.15
35.87,36.46
37.55,41.79
39.99,39.87
37.63,39.32
40.22,38.14
36.38,37.22
40.35,35.62
39.87,38.5
38.47,39.53
36.04,41.36
39.97,38.76
42.0,40.67
39.65,38.9
41.47,35.95
38.5,38.61
41.21,38.55
39.1,35.69
37.94,40.97
41.42,36.48
40.62,37.1
39.84,37.9
38.26,40.79
38.67,35.96
35.33,36.95
35.76,37.29
37.34,39.44
37.88,40.18
37.96,37.17
35.58,37.9
36.37,39.85
38.45,35.48
36.76,38.05
37.4,39.18
39.96,38.81
41.06,36.63
39.54,41.36
38.09,41.33
37.87,41.9
39.12,38.19
35.99,40.72
41.44,41.54
38.35,37.41
41.06,37.34
35.33,35.05
35.05,40.9
41.23,40.42
40.75,37.37
37.43,38.68
41.78,41.19
39.55,40.69
39.39,40.32
41.15,41.85
37.78,41.98
39.68,39.52
38.61,35.82
40.31,40.79
39.5,38.03
39.37,36.42
36.65,38.61
39.4,36.43
37.2,39.14
40.48,40.91
38.67,38.04
40.31,37.06
38.04,36.35
38.57,37.49
41.36,35.13
37.38,35.8
37.03,41.58
36.54,41.82
36.7,40.69
37.9,41.14
41.1,38.23
35.39,37.64
37.92,35.4
35.02,35.71
38.04,37.2
41.1,37.99
35.57,41.25
41.09,37.3
36.18,38.35
39.22,35.86
35.93,37.26
38.83,37.5
36.22,37.78
36.57,37.12
39.98,39.73
39.54,37.01
37.59,38.14
40.9,35.33
37.7,37.91
35.95,36.24
36.65,39.31
35.6,41.83
40.3,38.55
39.35,41.0
36.97,37.18
40.47,38.18
40.58,37.18
36.56,40.42
38.39,40.76
35.49,35.29
41.7,37.69
38.71,40.58
36.3,41.98
37.42,36.13
35.26,38.57
35.96,37.86
37.57,36.2
41.98,37.08
39.55,40.9
40.49,37.11
35.7,40.43
36.99,36.68
35.66,36.2
35.13,39.63
38.97,39.51
37.84,39.97
37.5,38.91
37.83,37.19
39.41,40.33
41.54,39.88
42.0,37.63
35.88,37.98
39.34,35.58
40.78,35.22
40.56,36.33
37.86,39.48
36.65,36.43
39.27,38.39
38.95,38.32
37.13,35.0
35.55,41.59
36.17,35.04
39.7,37.07
38.83,38.65
41.65,38.58
41.49,38.04
39.83,40.78
40.34,37.38
40.53,37.62
41.87,38.56
36.32,40.28
38.2,37.29
41.74,39.23
36.06,41.29
39.93,37.98
36.87,40.87
41.54,36.15
35.45,36.67
41.67,35.21
41.85,39.58
37.44,36.6
35.8,38.68
40.76,39.31
36.64,40.25
37.6,35.25
37.62,38.13
38.31,35.86
35.99,35.26
35.39,35.9
38.68,41.19
41.59,35.42
38.32,36.48
41.96,41.68
38.59,37.34
37.05,38.3
37.42,38.73
40.89,38.9
36.35,37.31
40.88,41.84
36.37,40.46
39.43,41.09
38.29,36.95
41.83,39.71
40.89,37.61
36.65,41.59
37.64,35.43
35.76,39.32
39.52,38.3
35.66,35.16
38.49,38.38
40.6,36.63
41.86,41.45
37.42,39.13
40.92,39.78
41.62,37.68
40.17,40.54
35.99,35.41
39.37,35.56
35.84,36.1
38.12,35.32
36.21,39.09
37.79,40.12
35.46,36.1
38.59,41.55
37.93,36.82
38.79,37.85
39.4,41.69
39.6,38.0
39.46,37.75
37.21,35.2
38.06,36.38
38.13,37.56
36.24,41.3
39.34,38.64
37.53,40.12
35.73,36.19
35.75,35.07
36.81,41.74
37.91,35.78
35.28,37.0
36.06,40.79
39.59,40.63
38.25,41.15
35.86,39.51
38.21,35.04
41.78,40.52
37.17,36.29
41.69,36.31
37.68,41.27
35.93,40.91
41.77,38.05
38.86,39.23
40.1,38.65
35.23,38.64
41.23,39.67
36.01,38.72
38.11,40.55
36.95,37.81
36.38,41.12
38.82,37.12
38.99,35.38
40.32,35.72
39.14,40.97
41.87,38.47
37.06,39.89
37.5,36.36
41.35,37.79
36.1,41.21
38.36,37.14
35.71,41.81
39.39,41.58
35.1,35.85
38.84,41.69
35.43,37.0
35.27,40.97
39.02,37.35
41.13,37.33
39.43,40.25
35.5,35.49
35.85,38.58
35.63,38.51
35.18,36.94
35.82,35.47
39.57,40.39
39.18,41.24
39.05,40.48
39.44,38.41
38.73,39.63
39.67,37.29
39.25,38.15
41.92,40.2
40.04,35.82
37.72,40.67
36.17,41.41
36.55,40.62
37.85,37.3
39.85,36.14
36.07,39.96
37.76,41.88
37.86,37.74
35.1,35.57
36.81,39.19
40.64,38.75
37.49,35.65
37.09,40.55
40.42,37.82
42.0,36.73
40.83,36.91
40.25,39.67
35.62,40.92
36.11,38.31
41.75,35.7
36.81,35.79
36.47,38.82
41.25,41.38
39.44,38.65
39.72,37.71
38.55,36.19
36.01,37.43
35.55,38.97
36.38,37.43
38.11,41.52
37.31,37.87
36.7,36.83
40.58,35.31
35.2,36.81
40.98,36.27
39.68,40.42
37.68,35.22
37.64,38.84
41.93,39.93
38.62,37.41
40.63,36.8
38.39,41.07
41.93,35.35
39.53,35.08
38.24,39.11
41.07,35.15
41.84,40.85
35.01,41.87
37.11,38.4
35.35,39.44
36.56,38.67
37.67,41.46
35.83,38.29
37.92,38.84
38.27,37.07
36.89,38.16
36.75,38.0
38.58,38.66
40.98,41.45
41.96,36.69
38.64,40.85
39.78,35.22
37.18,40.34
40.36,36.91
40.37,37.75
35.66,37.73
35.24,37.89
38.62,35.94
37.95,41.69
38.72,37.13
41.49,41.59
35.84,35.32
35.02,40.95
40.81,40.53
38.64,41.13
36.75,41.48
38.85,35.72
40.5,36.92
38.38,38.89
38.83,40.84
35.88,36.49
38.38,39.47
35.85,40.98
36.6,40.94
36.66,39.0
36.12,35.23
35.64,39.41
37.85,36.6
35.21,41.94
39.31,40.92
41.42,39.51
41.67,39.9
38.01,38.01
38.18,35.52
36.74,35.36
41.92,38.78
41.77,40.78
39.12,37.28
41.47,38.08
40.79,41.87
35.35,37.08
41.56,39.93
41.6,41.43
37.2,35.15
40.21,39.29
35.99,36.38
37.77,37.98
35.2,40.84
35.14,40.09
35.69,39.07
37.59,40.46
37.14,40.75
40.51,37.01
36.09,37.33
37.01,39.58
37.17,36.07
36.9,37.07
35.11,36.32
41.03,40.67
39.53,35.58
35.97,38.38
41.1,41.6
35.09,36.95
42.0,35.79
41.01,41.16
36.76,41.05
41.43,37.26
39.22,36.18
41.85,35.37
37.96,37.3
37.27,35.52
40.98,40.41
37.56,38.27
37.25,36.44
40.9,39.99
41.62,39.99
38.97,40.41
41.55,35.2
40.53,40.78
36.68,39.21
39.15,36.85
39.83,41.01
36.4,38.48
35.82,39.83
35.02,41.42
39.93,36.44
36.29,37.05
40.21,36.12
35.94,37.19
40.35,36.72
39.36,38.7
36.99,35.52
39.76,36.94
40.64,36.46
36.92,37.43
39.43,37.83
35.0,40.84
36.89,41.6
39.92,36.12
40.96,40.53
37.43,38.13
38.79,38.41
35.83,41.08
38.89,40.48
35.53,36.95
39.5,40.11
36.3,40.63
37.15,41.81
36.54,38.57
41.26,38.73
37.79,35.04
40.65,36.66
39.56,35.7
41.52,35.89
39.04,37.73
39.04,38.96
41.25,38.01
37.22,35.63
39.4,40.63
41.98,38.04
37.58,38.18
40.85,36.64
41.02,37.28
36.32,39.1
40.33,37.46
37.91,37.87
41.45,37.26
40.94,41.18
35.07,41.52
35.89,38.08
39.26,40.51
38.86,35.46
35.01,39.26
35.53,38.07
38.49,37.93
38.19,38.69
31.5,51.12
33.16,41.89
30.18,40.21
31.98,46.41
32.19,48.31
31.38,54.93
30.72,52.72
31.49,46.83
31.47,46.16
31.66,53.58
31.83,51.2
32.4,53.67
31.31,56.8
32.44,53.31
32.36,56.47
33.97,44.63
32.25,53.86
33.48,55.95
31.86,42.42
30.44,50.27
32.98,54.0
32.97,44.58
31.41,50.0
30.32,50.39
33.54,48.18
32.84,41.4
32.42,49.12
31.73,53.02
30.67,59.41
33.6,42.05
30.49,42.65
32.45,52.32
33.11,40.5
31.14,52.95
33.29,45.43
32.58,50.75
30.55,45.83
31.02,59.6
33.64,50.64
32.02,44.3
33.48,55.49
31.17,53.7
31.55,57.41
31.46,47.35
32.23,50.77
30.8,48.64
30.1,48.05
32.51,40.17
32.23,47.56
32.14,45.97
31.14,50.37
33.44,56.47
31.69,58.9
30.38,53.08
31.29,49.87
32.27,54.12
33.99,49.06
33.72,56.77
33.06,58.52
33.13,43.97
32.49,41.76
30.95,41.83
31.92,48.5
32.53,56.67
33.12,41.19
31.54,55.79
30.39,45.05
32.54,43.87
31.74,55.01
32.25,57.7
31.54,58.69
31.09,59.06
32.51,40.66
30.38,46.7
31.25,51.2
33.5,53.23
33.42,51.26
30.71,42.84
30.42,49.87
34.0,48.37
30.86,49.42
33.58,54.6
33.41,40.69
32.72,58.3
30.57,56.24
30.27,58.19
30.96,51.63
32.63,43.56
33.58,44.31
31.84,54.3
33.74,48.7
30.47,42.24
31.44,57.26
30.45,54.93
31.47,52.69
33.04,56.04
31.49,40.99
33.41,56.6
30.47,41.17
31.32,40.14
33.37,45.47
33.54,55.79
31.33,52.3
32.49,44.42
30.8,44.38
30.81,55.36
32.1,51.93
30.96,56.57
31.72,44.28
31.54,54.91
33.82,41.09
32.53,44.76
33.87,46.9
31.28,48.59
31.78,57.84
30.55,51.42
30.87,42.79
32.13,48.13
31.36,45.82
32.17,45.06
31.23,48.46
33.63,57.63
33.31,55.42
32.67,49.83
32.69,43.05
33.28,41.1
32.08,52.76
30.61,55.94
33.76,42.55
31.45,52.9
33.39,41.29
32.04,43.21
33.24,59.51
33.06,58.53
32.32,51.78
32.08,47.94
30.75,55.79
30.74,46.48
30.01,41.88
33.66,44.82
33.99,58.66
32.62,50.65
31.78,49.11
31.28,56.24
32.79,40.45
31.42,44.37
33.16,47.39
30.55,59.83
31.29,52.71
31.36,46.07
30.68,50.49
30.26,51.8
33.05,58.97
31.44,51.41
31.81,48.16
31.76,54.68
30.42,58.92
31.34,55.4
30.26,54.1
30.45,51.33
33.31,54.94
32.3,40.67
30.81,52.26
32.58,47.81
30.71,48.43
32.37,44.12
33.56,58.61
33.31,50.75
33.04,52.59
31.87,45.87
33.57,49.94
33.91,47.23
30.42,56.45
33.56,43.14
33.79,43.0
30.0,55.55
31.71,47.03
31.56,40.45
33.77,40.39
32.01,50.61
33.14,48.46
30.04,44.44
32.02,47.19
33.54,42.98
30.28,46.46
33.15,44.12
30.66,41.47
31.2,59.73
31.67,56.77
30.68,49.9
32.83,54.91
30.07,47.34
30.79,55.9
32.09,55.36
30.66,48.7
31.4,54.87
33.31,53.45
31.42,50.84
30.29,46.19
30.68,56.59
32.74,47.3
31.73,54.32
33.85,59.82
30.73,50.58
30.52,51.11
33.72,55.37
32.62,56.19
30.75,58.38
32.78,53.65
31.08,40.33
32.73,58.12
30.85,52.13
30.38,59.31
32.15,45.63
32.26,54.76
30.9,58.99
32.06,55.69
33.32,52.76
32.63,47.67
33.62,53.54
32.79,48.93
32.29,49.8
32.41,46.32
31.14,55.78
30.34,45.38
32.69,49.76
30.08,51.67
30.01,40.22
30.58,47.8
30.64,51.52
30.12,47.44
32.54,58.59
31.26,57.24
33.19,56.35
31.08,44.33
32.4,50.76
30.81,51.83
31.44,41.16
31.61,45.43
31.34,57.89
33.69,52.68
31.65,56.23
33.71,57.12
33.11,41.25
33.9,46.72
31.7,54.11
33.3,52.62
33.35,48.97
32.36,56.7
33.35,55.08
30.04,48.49
30.7,54.07
33.36,55.66
33.98,51.6
31.84,59.36
33.17,46.66
30.93,51.77
33.73,46.09
31.53,47.74
31.99,42.77
32.88,49.12
33.53,50.69
30.14,53.88
32.88,56.0
32.8,46.79
30.45,51.37
32.73,43.62
30.74,56.9
33.04,45.84
30.73,52.4
31.82,44.31
32.19,57.12
31.54,57.46
30.46,55.28
33.33,54.65
33.02,51.23
32.5,55.36
31.57,51.85
30.43,53.85
30.72,57.24
31.43,45.21
32.49,54.8
32.24,47.72
32.2,45.05
32.84,41.69
33.71,49.41
32.52,41.63
33.49,40.21
30.6,56.29
31.28,45.79
31.17,42.56
30.85,45.25
30.67,50.94
31.38,47.88
31.17,48.96
32.53,49.52
32.9,45.07
31.77,51.96
33.93,57.07
30.05,44.35
32.25,48.52
32.12,47.82
32.34,47.99
32.12,47.89
32.2,48.12
32.53,52.11
32.72,50.11
32.36,54.13
32.95,54.08
32.77,53.02
32.82,45.83
32.9,46.68
32.18,45.4
32.73,47.3
32.5,45.39
32.14,49.92
32.85,51.23
32.2,45.09
32.56,48.26
32.75,51.87
32.44,53.71
32.23,52.89
32.23,53.54
32.22,46.68
32.23,46.2
32.86,54.35
32.01,47.72
32.75,48.69
32.95,54.75
32.86,46.66
32.03,53.67
32.43,47.95
32.94,53.52
32.16,52.71
32.15,51.56
32.23,49.33
32.98,51.16
32.93,46.33
32.15,54.05
32.87,49.95
32.57,51.87
32.97,52.36
32.71,47.35
32.7,52.4
32.77,54.92
32.4,49.69
32.13,48.84
32.68,50.09
32.77,48.17
32.0,49.8
32.29,49.27
32.22,48.62
32.01,49.5
32.42,53.7
32.81,49.13
32.18,46.31
32.94,51.77
32.27,45.54
32.33,51.49
32.95,50.45
32.1,51.75
32.86,52.73
32.62,48.86
32.23,50.21
32.4,50.55
32.91,50.45
32.9,45.23
32.34,54.95
32.33,52.31
32.54,53.99
32.1,51.93
32.57,49.51
32.71,45.93
32.07,50.21
32.95,51.84
32.91,50.25
32.79,51.27
32.16,48.25
32.45,53.13
32.7,45.54
32.8,51.92
32.39,54.8
32.29,53.61
32.7,51.01
32.1,52.64
32.4,50.07
32.64,54.53
32.59,49.84
32.06,46.65
32.84,51.47
32.01,53.87
32.53,46.16
32.65,47.01
32.08,48.48
32.22,45.96
32.51,46.83
32.18,54.42
32.6,45.14
32.29,54.29
32.03,50.29
32.04,54.3
32.71,50.56
32.98,50.17
32.18,47.98
32.31,47.07
32.93,52.32
32.46,54.23
32.5,48.33
32.77,51.21
32.29,52.64
32.6,54.93
32.06,52.11
32.51,46.56
33.0,51.39
32.15,51.97
32.28,45.29
32.14,50.05
32.53,49.93
32.69,46.8
32.0,49.12
32.01,51.89
32.41,46.25
32.02,51.15
32.27,46.63
32.82,52.21
32.07,51.14
32.31,52.44
32.79,48.09
32.96,54.51
32.3,45.54
32.66,45.97
32.04,45.3
32.28,48.58
32.79,54.87
32.13,50.93
32.72,49.43
32.89,46.17
32.19,47.79
32.91,51.21
32.01,52.33
32.23,54.15
32.43,53.36
32.13,54.87
32.87,52.56
32.3,52.44
32.07,52.07
32.71,52.11
32.71,51.36
32.61,52.92
32.74,51.25
32.32,51.73
32.3,49.53
32.83,50.84
32.63,48.47
32.9,53.51
32.79,49.89
32.51,51.49
32.46,54.5
32.74,47.81
32.35,49.4
32.35,48.2
32.96,52.69
32.85,52.03
32.52,53.88
32.36,50.11
32.98,51.59
32.6,46.25
32.95,54.34
32.2,50.14
32.35,48.45
32.1,46.08
32.98,47.55
32.71,53.91
32.51,50.95
32.49,54.27
32.56,50.84
33.0,47.42
32.47,51.61
32.81,52.31
32.14,52.77
32.0,51.65
32.99,50.09
32.78,48.28
32.66,50.64
32.34,51.53
32.22,49.28
32.49,45.22
32.21,47.85
32.26,48.71
32.0,54.46
32.28,52.89
33.0,49.86
32.04,47.36
32.44,48.87
32.04,45.24
32.8,46.43
32.84,45.41
32.08,48.92
32.23,50.5
32.85,45.24
32.73,47.92
32.18,46.65
32.0,54.45
32.46,48.61
32.98,47.58
32.38,48.34
32.22,45.11
32.25,54.34
32.53,52.51
32.08,51.24
32.57,49.76
32.22,51.94
32.62,51.35
32.54,48.3
32.22,48.2
32.48,50.17
32.0,47.17
32.93,47.58
32.18,49.55
32.74,45.24
32.94,45.41
32.34,50.44
32.99,51.89
32.79,51.77
32.38,51.56
32.2,50.79
32.19,53.88
32.29,46.18
32.01,47.67
32.74,48.97
32.44,50.51
32.23,47.21
32.84,48.33
32.5,52.8
32.41,46.49
32.07,54.08
32.5,53.32
32.29,47.19
32.82,47.25
32.5,49.16
32.74,48.9
32.68,45.48
32.48,49.95
32.14,48.56
32.18,53.46
32.35,48.44
32.3,50.24
32.38,45.77
32.88,53.68
32.44,54.7
32.64,45.34
32.88,48.09
32.55,45.65
32.82,54.6
32.51,46.96
32.33,47.98
32.15,50.09
32.66,46.32
32.72,49.31
32.98,49.24
32.29,52.38
32.0,48.87
32.58,50.28
32.81,46.63
32.02,53.46
32.19,48.25
32.58,46.92
32.25,54.22
32.15,50.34
32.82,49.15
32.16,54.65
32.94,46.91
32.4,50.43
32.77,53.5
32.91,51.14
32.53,54.8
32.49,50.23
32.14,46.41
32.31,52.79
32.92,53.33
32.42,54.61
32.15,53.98
32.57,47.67
32.2,52.07
32.86,47.73
32.84,48.67
32.68,48.14
32.84,49.61
32.93,48.9
32.93,54.37
32.24,51.6
32.3,50.57
32.63,47.75
32.33,49.11
32.93,50.91
32.38,45.81
32.35,53.15
32.1,46.18
32.46,50.04
32.08,49.53
32.86,46.67
32.58,45.27
32.34,48.5
32.58,46.95
32.25,46.59
32.89,49.05
32.34,49.66
32.69,53.99
32.22,49.22
32.25,48.58
32.21,49.1
32.59,50.7
32.04,54.41
32.39,45.24
32.17,54.82
32.22,47.45
32.49,51.09
32.39,52.54
33.0,51.67
32.2,49.89
32.57,54.01
32.75,49.85
32.74,46.95
32.34,50.03
32.62,49.0
32.16,51.53
32.29,46.92
32.56,49.36
32.39,54.57
32.77,51.58
32.24,51.89
32.12,51.39
32.17,45.17
32.59,48.38
32.88,51.31
32.46,51.07
32.01,46.64
32.23,52.31
32.94,47.55
32.0,52.27
32.21,46.61
32.53,53.27
32.65,49.13
32.96,47.18
32.27,48.78
32.88,52.33
32.76,49.8
32.93,46.27
32.47,45.01
32.08,49.0
32.1,50.46
32.05,45.99
32.87,47.91
32.95,48.77
32.28,45.15
32.34,49.67
32.24,46.15
32.96,46.2
32.89,50.4
32.39,46.89
32.3,50.37
32.73,52.14
32.14,53.13
32.5,46.47
32.82,45.71
32.83,54.16
32.62,54.93
32.44,45.79
32.57,54.16
32.17,54.6
32.7,49.1
32.29,45.93
32.52,49.83
32.41,52.44
32.6,53.19
32.48,50.88
32.07,51.04
32.71,53.59
32.16,49.76
32.13,45.13
32.98,52.06
32.84,45.62
32.97,52.48
32.65,52.83
32.32,46.56
32.79,46.95
32.84,52.97
32.1,52.93
32.07,54.24
32.21,53.83
32.77,45.13
32.47,53.78
32.06,53.77
32.62,52.52
32.87,49.07
32.76,45.76
32.79,47.44
32.22,45.49
32.57,45.45
32.05,48.43
32.9,45.75
32.29,47.93
32.61,52.5
32.29,46.82
32.19,49.26
32.9,51.54
32.45,53.52
32.39,50.36
32.15,50.04
32.35,48.74
32.24,52.98
32.45,47.84
32.37,54.43
32.8,53.12
32.47,45.99
32.64,51.83
32.76,45.72
32.16,54.32
32.23,51.59
32.66,51.7
32.57,54.87
32.83,49.2
32.76,53.2
32.97,45.09
32.09,48.14
32.83,53.62
32.39,51.24
32.61,48.0
32.04,54.24
32.74,49.61
32.81,49.78
32.43,51.51
32.54,53.82
32.19,50.83
32.2,49.83
32.67,52.72
32.19,54.55
32.42,54.71
32.87,50.46
32.95,50.82
32.45,46.02
32.73,49.42
32.5,48.57
32.47,49.13
32.62,46.5
32.76,47.58
32.28,52.44
32.35,52.16
32.33,46.61
32.16,54.24
32.68,50.01
32.34,45.81
32.62,54.43
32.46,51.8
32.89,54.21
32.8,49.43
32.59,50.82
32.68,48.11
32.07,48.67
32.52,50.95
32.29,52.66
32.04,48.64
32.72,54.33
32.17,45.36
32.66,53.77
32.7,48.62
32.08,52.95
32.67,50.41
32.55,48.45
32.5,54.18
32.38,54.33
32.37,45.31
32.35,51.06
32.37,53.7
32.77,49.34
32.96,52.35
32.68,49.87
32.65,50.13
32.38,49.19
32.34,48.16
32.49,51.07
32.7,53.51
32.87,46.16
32.5,48.67
32.26,53.86
32.88,53.86
32.9,49.9
32.15,52.55
32.62,53.54
32.93,45.94
32.11,52.66
32.86,50.98
32.59,45.78
32.38,46.24
32.37,49.23
32.38,48.35
32.77,53.96
32.32,49.0
32.66,52.44
32.72,47.21
32.02,53.69
32.59,45.32
32.99,50.64
32.33,52.96
32.62,46.3
32.46,48.97
32.96,45.3
32.34,45.85
32.73,51.97
32.05,49.53
32.31,50.39
32.3,50.04
32.39,52.22
32.31,51.08
32.53,52.01
32.66,50.22
32.76,47.47
32.32,51.81
32.09,46.29
32.83,49.74
32.38,46.22
32.95,52.83
32.87,54.84
32.19,46.06
32.81,46.55
32.02,52.97
32.81,52.02
32.73,51.88
32.99,54.04
32.02,49.86
32.15,47.52
32.06,46.23
32.55,52.54
32.44,46.54
32.18,48.99
33.0,45.22
32.42,45.17
32.99,53.19
32.09,52.24
32.08,53.68
32.29,53.38
32.07,45.07
32.43,52.86
32.79,49.94
32.49,52.32
32.98,49.46
32.18,47.33
32.25,54.94
32.44,47.21
32.61,50.42
32.86,52.47
32.94,49.25
32.08,49.51
32.79,48.19
32.91,51.83
32.56,47.13
32.05,53.65
32.24,48.18
32.59,48.49
32.96,52.97
32.19,53.0
32.28,46.39
32.72,53.94
32.51,48.87
32.19,53.95
32.24,53.45
32.59,47.53
32.44,49.98
32.2,54.94
32.0,46.79
32.74,47.37
32.48,48.45
32.88,50.35
32.01,52.09
32.26,49.22
32.55,47.57
32.89,55.0
32.75,46.96
32.92,53.55
32.2,54.3
32.15,50.33
32.5,50.61
32.1,53.66
32.34,50.43
32.43,48.8
32.38,45.51
32.17,48.17
32.11,45.72
32.0,46.25
33.0,52.69
32.14,50.49
32.13,48.24
32.35,45.94
32.82,54.39
32.0,50.45
32.77,50.49
32.8,52.43
32.38,48.12
32.7,51.66
32.39,47.55
32.8,47.62
32.84,50.89
32.18,45.11
32.51,50.87
32.84,50.62
32.35,53.81
32.47,48.75
32.67,49.77
32.64,50.46
32.91,46.35
32.05,50.01
32.99,53.62
32.83,46.84
32.54,54.72
32.34,45.1
32.25,50.83
32.01,51.47
32.46,47.17
32.03,51.21
32.44,50.75
32.69,46.56
32.62,52.37
32.08,54.07
32.53,48.06
32.37,48.79
32.73,52.01
32.45,45.35
32.66,54.47
32.47,49.28
32.93,47.67
32.81,51.33
32.58,51.31
32.11,52.09
32.11,47.45
32.66,52.33
32.09,49.1
32.55,53.14
32.45,52.85
32.68,45.14
32.72,50.77
32.98,51.97
32.23,49.69
32.66,49.56
32.0,47.15
32.28,54.42
32.78,45.49
32.67,52.3
32.95,49.58
32.01,45.66
32.4,51.43
32.99,48.86
32.88,50.67
32.38,54.97
32.53,51.14
32.53,53.61
32.18,52.41
32.46,47.44
32.24,53.95
32.6,45.05
32.42,49.47
32.25,48.02
32.49,47.64
32.77,53.35
32.62,46.62
32.71,49.61
32.61,45.67
32.3,53.17
32.95,54.48
32.62,45.95
32.64,45.94
32.66,47.01
32.01,48.43
32.31,52.04
32.69,46.14
32.93,48.27
32.94,51.52
32.72,54.07
32.34,48.23
32.44,54.69
32.98,50.46
32.64,51.38
32.58,53.89
32.42,47.0
32.79,50.99
32.04,54.61
32.65,45.41
32.27,47.28
32.0,50.73
32.14,50.55
32.13,47.83
32.63,53.8
32.02,51.91
32.15,50.43
32.49,53.02
32.32,51.81
32.52,46.78
32.64,50.09
32.89,49.74
32.49,48.2
32.29,50.73
62.43,65.0
87.47,58.84
88.15,68.36
63.86,60.85
89.26,58.85
87.69,57.17
73.74,65.91
64.92,67.15
71.58,61.89
74.42,65.56
86.55,60.11
61.53,58.23
77.32,58.6
60.09,61.0
85.99,62.36
62.22,56.23
60.45,56.55
85.72,58.09
88.88,63.3
83.56,63.15
67.93,63.21
64.37,57.17
66.24,50.14
76.8,58.73
61.75,60.12
81.18,67.23
86.02,51.79
72.64,53.31
69.04,54.26
63.1,55.84
79.77,51.04
74.2,60.31
79.75,53.11
77.96,51.33
88.97,65.17
71.45,55.57
67.43,59.82
89.49,64.41
73.82,65.05
68.22,52.17
65.74,57.33
60.46,62.18
82.33,61.4
67.68,54.72
88.88,61.31
84.5,67.6
65.31,69.94
85.06,56.81
80.19,63.75
72.47,64.41
88.42,68.36
69.54,60.38
75.44,60.16
79.04,59.98
80.75,54.22
81.66,61.26
73.62,62.27
88.14,69.28
68.71,63.63
61.0,67.95
86.93,59.7
77.02,58.28
85.6,61.77
83.37,59.87
64.2,62.32
75.72,67.46
83.26,67.35
83.35,53.82
78.96,63.06
79.28,61.98
86.85,69.61
73.54,52.49
62.98,54.24
86.75,69.57
78.88,63.18
62.95,56.63
69.56,59.67
64.96,64.03
81.24,64.97
82.49,67.38
84.3,63.86
69.88,50.97
71.3,68.33
77.56,63.81
65.3,50.54
67.81,62.74
75.62,61.26
86.25,58.43
84.02,68.64
64.89,68.45
84.32,58.66
83.49,68.68
69.74,64.32
88.79,67.65
66.27,59.02
61.06,60.29
88.91,61.51
64.8,55.66
84.76,64.89
71.65,66.5
84.48,61.55
89.58,65.45
63.68,60.69
73.53,55.76
66.71,67.61
64.6,62.68
83.66,63.1
86.83,50.47
60.02,54.49
89.65,56.23
75.3,54.86
60.03,51.01
72.57,65.93
87.55,66.24
87.25,60.99
60.88,65.85
80.46,67.19
82.0,68.69
78.85,65.42
70.43,60.57
61.04,52.16
86.58,57.11
89.77,68.28
62.04,51.56
89.22,65.75
69.83,60.04
63.15,55.56
81.28,68.13
60.73,61.97
62.59,50.89
85.39,58.26
80.7,59.74
87.87,56.51
86.88,51.65
81.04,65.01
75.99,50.17
61.0,50.91
80.63,68.51
68.0,66.98
84.47,52.24
86.61,53.73
66.02,50.89
76.62,55.69
64.68,50.67
77.33,68.19
72.44,61.43
78.82,68.36
81.87,69.02
80.2,61.9
61.92,62.45
89.04,60.6
70.34,53.23
63.06,63.34
68.36,69.67
82.12,63.19
63.94,62.37
75.92,61.75
69.54,50.24
68.37,61.28
64.73,61.29
62.11,52.72
86.85,58.66
83.84,66.36
80.8,51.67
88.0,69.74
78.63,65.24
67.48,67.74
88.34,60.97
63.25,69.15
64.54,57.65
72.01,60.78
76.01,63.11
85.46,65.9
75.91,57.73
77.13,53.82
85.98,64.11
67.99,65.3
61.64,58.98
73.98,63.83
85.13,59.87
89.6,56.6
77.28,51.77
79.4,68.25
80.85,61.02
83.83,66.98
75.29,66.33
76.03,62.06
64.36,60.41
82.08,55.78
85.81,56.55
74.69,62.42
81.59,64.9
71.36,50.42
89.6,54.39
86.1,63.97
63.28,50.57
71.47,55.12
76.46,54.17
86.63,55.57
89.48,64.22
61.6,66.51
72.48,59.2
61.47,64.89
60.65,58.27
74.83,53.79
86.34,64.46
61.16,66.03
66.82,53.31
61.33,53.85
71.49,63.14
69.37,56.26
81.63,69.53
68.22,57.29
89.54,54.46
75.16,52.57
73.32,68.73
84.11,69.18
65.78,54.44
69.16,64.9
62.06,69.22
70.4,63.55
76.12,57.35
85.06,66.78
73.89,50.62
69.72,59.92
73.69,65.46
75.23,67.73
69.35,55.95
78.65,57.2
85.45,59.47
83.92,51.4
85.36,54.15
61.7,67.15
83.07,56.44
69.07,61.23
88.84,56.66
69.51,60.04
75.86,63.37
67.52,65.92
83.25,67.13
67.59,55.16
75.57,58.41
75.72,60.57
87.66,53.18
88.26,53.05
89.68,56.53
80.54,56.64
89.79,63.63
63.05,65.67
87.36,57.96
88.53,69.65
60.53,61.61
67.62,59.18
79.28,66.93
84.05,65.27
62.61,69.64
62.82,66.83
77.24,54.2
66.05,54.69
89.06,68.42
86.79,58.96
77.75,56.09
60.14,53.73
61.53,68.56
81.75,54.44
88.94,55.03
87.05,51.88
81.68,64.91
63.17,62.56
77.21,53.36
83.9,64.98
83.34,50.22
78.32,61.65
76.77,56.17
65.76,64.01
65.62,59.74
68.16,59.97
81.5,53.03
62.96,54.0
63.71,58.69
89.69,54.9
71.69,50.16
68.09,57.52
71.41,70.0
89.9,67.04
62.29,66.73
71.27,62.8
78.92,67.13
75.79,64.25
87.17,53.18
82.56,60.18
84.38,68.62
62.76,68.08
67.32,65.07
76.3,54.44
61.72,54.92
76.31,57.96
60.0,65.23
75.08,62.9
85.12,61.68
76.5,57.14
70.35,59.56
77.11,63.21
78.69,64.85
76.86,57.02
73.69,64.59
70.71,62.92
79.83,63.44
74.83,60.92
73.9,61.41
77.21,62.86
76.79,62.33
72.4,63.53
79.74,61.66
70.0,61.42
75.01,59.5
79.7,57.08
78.38,60.92
74.28,57.86
78.66,58.45
72.86,60.18
72.8,61.33
73.04,63.4
78.96,57.67
78.68,64.55
71.33,57.12
78.29,60.24
73.15,57.74
75.5,57.92
79.18,58.25
74.48,64.26
71.07,63.21
72.23,61.19
76.89,57.21
71.42,61.15
70.4,62.43
71.73,58.63
78.17,61.66
76.47,57.69
71.49,60.71
75.76,59.73
77.31,57.2
78.41,60.39
70.51,63.89
74.37,57.13
76.03,61.46
79.76,61.94
79.33,64.5
77.22,60.36
78.81,64.39
79.27,59.21
78.4,57.82
72.17,59.1
79.42,62.49
78.07,59.04
76.93,58.14
71.49,58.6
77.14,62.83
76.95,60.41
73.37,63.58
78.32,65.0
77.91,64.09
78.14,62.93
71.42,62.68
79.26,59.13
72.06,61.05
79.28,59.42
77.2,62.92
70.79,58.54
70.38,59.47
77.34,62.59
74.43,57.59
70.44,57.59
72.8,59.81
77.59,58.09
71.55,64.32
79.46,57.85
73.99,59.06
73.52,59.21
77.66,63.23
79.15,59.67
71.0,64.66
77.51,58.9
77.5,64.92
74.46,60.88
78.3,60.55
79.48,61.02
79.24,60.78
71.43,57.62
70.89,58.46
75.33,57.44
72.92,59.52
76.89,57.99
74.19,64.07
77.42,63.5
75.36,63.79
79.79,59.4
70.32,61.92
72.42,57.49
78.85,64.85
71.25,57.63
76.7,57.4
72.06,58.02
71.5,64.53
79.1,64.41
77.05,59.11
72.73,62.0
73.77,60.71
72.18,63.37
76.96,60.15
73.94,64.35
73.31,64.09
77.17,61.59
79.02,57.96
76.29,64.27
77.18,64.45
73.07,59.65
73.08,57.16
76.28,57.56
70.74,60.4
72.85,63.84
73.14,63.29
77.5,58.65
76.96,62.26
74.85,64.37
75.0,62.25
75.34,60.94
73.59,62.49
78.08,63.41
70.32,62.17
74.38,61.99
73.62,57.79
75.74,64.29
74.26,57.54
78.84,64.04
75.7,62.46
72.87,59.09
76.69,57.75
74.91,57.96
79.72,57.68
79.58,63.8
79.14,63.86
74.95,61.08
75.0,60.26
70.55,57.49
75.0,62.58
75.6,60.01
71.47,60.64
78.32,64.69
77.32,58.71
71.61,63.97
70.55,58.78
72.51,64.14
71.06,61.32
77.54,62.45
71.95,63.79
77.11,57.83
78.76,62.32
77.63,60.82
79.05,63.64
77.48,60.29
71.63,64.47
79.83,61.28
74.33,62.38
72.49,57.47
70.86,60.84
70.46,58.25
76.06,61.71
78.33,61.85
75.75,59.13
70.21,59.29
73.38,59.9
76.09,60.4
74.97,62.31
74.78,60.83
78.03,61.79
72.25,57.86
77.49,58.04
74.95,59.35
73.84,60.61
72.55,63.9
72.42,58.76
73.45,58.24
73.52,61.19
71.91,59.7
76.25,64.31
77.8,60.36
75.65,57.71
75.24,57.63
77.37,61.78
76.02,60.29
70.93,64.11
77.68,64.74
70.77,57.89
75.17,64.48
78.75,59.35
73.98,64.57
79.75,63.27
77.09,57.64
73.25,63.55
78.13,57.27
73.72,60.39
79.36,60.15
75.3,58.23
75.67,59.54
74.81,61.23
77.92,61.19
79.23,61.01
72.09,60.91
72.2,63.67
78.22,62.85
71.75,57.93
77.37,57.29
78.18,59.56
76.18,58.77
75.21,62.21
71.57,61.89
70.25,59.82
71.69,59.88
72.91,61.4
75.81,58.65
70.18,64.34
79.85,64.45
74.5,58.84
79.93,59.75
71.11,62.36
72.6,62.38
79.65,58.47
74.58,60.43
74.0,62.13
78.91,60.36
75.52,60.44
79.49,62.43
78.14,57.78
77.4,64.41
75.63,60.19
76.5,58.88
75.16,64.36
75.8,63.48
79.23,59.87
74.81,61.16
76.48,62.41
74.53,57.68
77.02,57.91
78.7,62.54
70.74,64.64
79.87,62.22
78.43,57.93
74.93,63.36
77.18,59.04
76.97,61.41
70.57,60.95
76.51,64.01
78.78,57.23
72.48,61.12
70.56,63.06
73.58,59.75
73.93,60.28
72.89,61.25
72.61,61.31
79.06,63.55
71.55,64.7
79.51,63.55
73.64,61.95
70.86,58.17
75.66,58.24
73.48,62.61
77.88,63.31
70.49,58.15
73.4,57.8
78.2,62.5
75.71,63.37
71.08,61.48
75.12,61.48
73.9,64.56
73.44,62.26
73.89,61.81
70.68,60.46
73.11,59.28
78.98,58.76
74.05,60.93
70.25,62.78
77.56,57.47
74.14,60.52
72.26,59.87
74.61,58.43
74.99,58.11
71.67,64.41
71.36,58.24
79.87,61.56
78.13,62.12
79.86,61.89
76.84,64.75
77.63,59.95
79.98,58.67
71.24,59.74
78.09,59.95
74.41,57.18
78.56,60.1
76.17,61.4
74.39,58.79
78.04,59.0
76.51,64.98
70.92,57.15
79.19,64.93
78.08,62.21
79.82,60.77
75.42,57.92
74.23,60.75
71.84,64.12
72.7,61.86
79.9,57.26
78.1,64.9
76.57,59.05
72.96,60.52
77.06,62.92
78.6,62.4
75.7,63.1
74.97,58.69
76.65,61.44
71.94,61.57
72.67,59.8
75.73,58.7
74.93,64.09
73.79,61.24
79.37,64.47
79.21,60.45
74.42,57.78
74.55,62.67
71.95,60.07
76.33,57.15
77.94,63.64
78.69,60.78
71.49,59.02
71.53,58.12
77.73,58.24
75.75,63.69
78.45,62.09
75.47,64.15
79.77,58.12
74.74,61.49
73.78,61.91
79.86,63.54
71.47,60.3
78.2,60.1
70.63,61.67
76.88,57.9
70.26,61.12
77.34,60.38
77.38,64.8
77.47,63.83
76.79,64.17
71.49,60.13
72.81,60.79
76.97,57.16
71.27,58.93
75.58,60.01
77.67,57.9
73.14,63.98
70.66,60.86
79.37,59.89
76.42,61.5
71.54,59.45
75.94,59.37
73.53,63.9
78.96,64.87
77.2,57.12
72.95,62.09
71.66,61.23
72.77,60.92
79.84,57.9
78.15,57.23
78.73,58.21
73.22,57.19
70.57,63.18
73.44,58.24
75.29,62.68
76.15,60.94
71.98,62.32
79.43,61.75
74.69,58.34
72.83,62.9
78.84,61.54
70.55,61.23
73.74,64.28
79.42,62.17
71.63,61.59
73.5,62.77
79.7,63.8
73.58,61.91
73.75,62.54
78.12,57.04
72.1,57.25
74.44,63.32
71.95,61.72
79.33,62.62
78.42,62.89
79.52,58.76
73.57,63.55
76.69,58.6
74.52,63.37
76.0,59.36
71.54,58.88
78.38,58.85
70.09,57.65
78.9,64.58
76.53,60.76
70.9,57.37
71.53,63.41
72.24,62.88
79.66,62.21
77.03,61.42
73.57,63.68
71.83,58.6
71.23,64.92
73.22,57.79
70.13,58.82
75.14,60.28
77.37,57.07
79.93,57.99
79.5,58.46
80.0,62.47
70.64,57.5
72.18,59.54
77.77,62.32
78.0,58.15
71.21,61.38
76.36,61.57
79.87,62.49
76.31,59.49
73.93,57.15
76.6,57.79
77.27,60.4
75.53,57.08
76.82,63.89
72.65,64.09
70.28,58.71
74.18,64.87
77.12,57.88
72.04,61.73
70.13,58.55
73.69,64.25
71.35,65.0
78.75,58.38
75.48,59.15
75.09,58.05
75.91,59.69
76.57,62.36
71.65,60.79
78.96,58.94
72.4,58.08
75.0,59.28
72.33,61.47
76.5,58.52
79.64,62.77
75.38,62.02
79.23,63.81
73.53,57.14
72.95,59.54
74.59,58.21
72.37,58.7
74.0,60.24
71.43,60.75
79.62,59.19
77.28,59.17
70.29,64.75
70.45,58.41
76.63,63.33
75.04,59.28
79.01,60.62
72.88,57.54
74.18,64.19
73.57,59.52
79.56,57.22
71.6,63.69
70.26,63.1
73.92,59.41
75.6,64.35
75.11,57.06
76.25,61.25
70.53,59.59
75.09,58.11
71.02,63.47
77.43,57.81
74.9,61.85
76.23,60.67
78.63,57.93
72.37,58.5
78.13,62.9
76.75,63.59
75.93,62.83
78.75,58.47
78.13,62.05
70.26,57.73
70.61,62.71
75.93,57.7
76.9,59.29
77.96,63.38
70.31,57.76
79.6,57.64
78.37,57.23
70.03,64.6
74.03,62.38
79.2,58.49
75.73,57.39
74.22,58.1
72.83,63.67
72.19,62.94
79.95,60.08
75.95,63.79
71.59,62.58
75.34,60.62
73.22,57.81
79.68,59.35
75.01,59.15
76.19,61.14
78.33,59.55
76.89,58.1
70.01,60.94
73.81,62.77
75.59,57.59
75.54,63.42
79.06,61.4
75.25,57.58
71.33,57.68
74.03,64.19
73.79,64.26
76.26,62.5
77.64,63.73
75.13,62.44
72.97,61.85
77.27,59.34
78.82,60.63
71.56,63.19
78.4,61.47
75.79,64.76
75.08,59.18
75.28,58.8
76.63,62.13
72.29,61.4
78.55,61.06
77.61,57.23
71.4,59.83
79.05,58.17
70.38,58.53
72.97,63.13
74.07,62.15
73.8,58.87
77.05,60.16
79.02,64.07
76.89,61.04
79.9,59.88
77.41,61.59
71.71,57.17
73.43,57.91
78.3,61.34
79.95,58.74
73.7,62.76
72.38,58.93
70.68,60.69
73.87,64.81
77.96,64.93
77.52,59.74
79.66,64.19
74.12,63.92
74.31,61.6
71.12,63.87
70.05,59.66
76.53,60.36
74.76,57.09
78.22,59.57
73.81,59.75
72.9,61.16
75.18,57.66
72.97,62.34
72.01,57.58
76.71,59.3
77.28,58.57
78.13,60.91
71.71,62.72
79.27,57.71
72.93,57.72
78.35,60.05
76.4,59.51
70.24,57.98
73.82,61.04
70.12,63.73
75.11,60.86
78.49,61.49
77.27,63.29
74.72,58.04
73.17,60.21
72.97,59.26
75.64,62.23
72.79,57.25
71.34,58.18
78.59,64.88
78.91,58.24
71.11,59.39
73.53,57.98
74.08,60.01
70.59,61.32
74.04,58.16
73.7,57.06
72.27,61.33
74.34,60.29
71.57,58.0
78.24,62.76
72.84,62.42
76.04,57.66
77.42,59.68
77.34,64.72
75.75,60.83
78.87,61.82
72.95,64.57
79.05,64.04
78.94,61.26
77.32,59.15
77.51,64.42
78.82,57.61
76.37,59.67
76.03,64.44
72.48,64.46
75.41,58.13
73.93,62.12
78.34,57.41
78.16,62.99
75.86,60.36
74.26,57.69
73.95,60.69
78.56,58.93
74.09,60.94
76.49,62.81
74.72,57.91
71.77,60.31
78.2,59.06
76.34,58.87
79.81,63.45
76.17,61.85
76.64,57.39
74.77,64.41
76.93,62.95
70.51,57.43
70.52,62.45
77.0,57.67
79.68,59.96
72.58,64.4
73.97,62.19
71.01,60.35
73.46,58.51
79.26,58.33
75.87,64.63
74.02,57.9
70.81,64.76
70.85,61.19
70.9,64.59
71.71,61.43
79.71,63.29
74.27,61.77
77.88,57.13
73.47,61.54
74.63,64.62
78.7,61.2
76.84,64.24
72.54,59.94
74.72,58.93
76.3,59.08
71.91,61.17
74.76,58.0
77.98,63.63
75.09,61.25
76.4,62.75
70.54,59.51
70.4,57.86
73.73,58.44
74.14,64.01
72.98,58.93
78.08,63.7
73.7,57.58
75.69,62.43
71.58,63.83
74.59,61.52
72.29,64.41
77.23,60.84
70.3,62.96
76.86,58.51
75.04,64.63
77.82,60.63
70.31,62.7
78.9,59.55
76.35,62.73
78.39,59.06
73.71,57.43
77.0,60.22
75.31,61.4
75.99,59.56
74.72,57.88
75.2,59.45
74.16,60.08
76.71,59.77
